[bookmark_1]
solid = 3155
target = 3155
eye = -2.5,-4.1,-0.0
look = 0.0,0.0,0.0
up = 0.0,0.0,4.4
size = 1440,852
kscale = 100.0
yfov = 50.0
near = 30.0
far = 10000.0
nearclip = 0.000100,1000.000000
farclip = 1.000000,100000.000000
yfovclip = 1.000000,179.000000
parallel = 0

[bookmark_2]
solid = 4815
target = 4815
eye = -3.7,-2.1,-0.0
look = 0.0,0.0,0.0
up = -0.0,-0.0,4.8
size = 1440,852
kscale = 100.0
yfov = 50.0
near = 30.0
far = 10000.0
nearclip = 0.000100,1000.000000
farclip = 1.000000,100000.000000
yfovclip = 1.000000,179.000000
parallel = 0


